59797
10425
37569
52527
36285
14269
44760
40114
41096
64713
16801
51967
34903
56892
33253
34755
21250
56189
58816
12972
51661
20436
30666
49539
19447
47289
59928
1609
33441
35277
30532
1394
8877
58752
9155
54234
13627
22782
13872
9086
21222
8194
13011
39954
424
41615
28981
56065
61239
48890
39155
58342
6765
30379
16535
28981
33678
61386
19798
58032
40431
43471
82
3825
17184
47872
15541
29933
10595
61802
7400
52176
2613
34630
29563
47572
31556
35075
6541
12088
37259
7906
42828
2114
25800
13587
20383
55746
28248
53309
29839
13771
6867
4416
14980
64523
7949
7711
60330
222
45139
63422
40563
14826
29293
39064
63766
52569
9494
30699
31673
39822
2972
58311
51830
51437
64892
17015
35696
14353
41781
42475
37461
64314
51349
43441
62928
22375
60044
4725
62279
48002
21388
21690
3461
58323
41895
3088
60029
33868
35450
36038
7859
9524
38303
25539
18706
9074
12279
39854
52107
60130
33382
36792
43676
54101
42493
35686
944
31462
10284
20543
24269
57419
64528
13870
24249
55227
42456
7693
60208
7026
22429
65429
34191
12289
20314
59630
41284
33402
38162
48779
24975
38319
7109
41548
17538
12842
45361
22830
64399
27839
23661
19276
58147
61324
9081
21269
20537
23391
22926
49770
54176
21028
54224
5930
57958
59416
50724
22734
16441
57236
48816
5742
32606
23694
47613
19391
51484
14210
44167
60723
31789
62891
1590
39667
36065
50363
39445
41116
44652
58471
17827
22700
22134
18139
37096
44666
34366
9357
65495
31946
50868
60911
47184
6619
64078
47380
37578
30799
3901
45027
22631
54989
27151
28670
23638
17159
15192
62900
25086
63549
13726
59852
51712
24886
4834
48300
53140
51955
36341
17151
35536
27545
23191
52770
56493
39173
60235
26677
7214
63506
37954
48785
41504
10576
43750
53197
20470
24003
26780
64249
7989
11980
37035
3639
14158
45946
37858
18889
6330
50119
19497
31810
4838
37816
34157
51946
32855
48485
44040
61735
34474
42405
57820
45202
18371
7140
56827
25619
21529
42688
48785
41204
40125
7307
62629
9060
19383
46382
48267
61194
35791
31302
61478
12796
64356
59098
8179
40689
61769
14923
45351
17734
56446
52704
41178
30891
28928
64083
37269
53451
27154
26344
63730
16956
59060
5692
55685
34437
38045
4730
8534
39014
25137
9001
59853
46410
32262
42587
51877
50057
19337
11887
49503
63731
17884
22664
55535
21608
48379
59099
30057
49689
62210
16741
37979
19155
31084
22321
20431
21923
13651
30508
52841
1660
10115
8425
35455
1632
52976
20656
29507
18550
41662
13956
2475
38261
61992
12800
56709
6683
17706
60676
2558
55403
50766
24980
51797
33899
1416
56418
29502
65024
37595
51434
64222
41234
9988
28430
25348
3370
50599
12250
26465
46248
203
12488
36467
33761
9774
30207
26491
45021
5421
58730
19740
19862
3357
35320
23135
43941
18706
12410
31345
41848
25754
25188
10513
45719
36331
7810
56955
51954
35599
2266
29676
28676
47465
12696
31156
4342
61277
56123
23548
11156
38825
43674
58161
54014
25293
33834
40953
52825
32153
43245
58255
57574
43544
53126
13289
36004
49857
25315
39489
1279
52321
27679
37302
13857
37570
10500
50731
2562
64515
57375
49213
7152
30753
7896
15807
10422
47729
29134
30122
62160
56134
37895
15861
24962
1461
35496
51489
5507
29115
45270
64215
59447
62250
9981
40705
4620
17160
47451
51073
29377
6275
14464
23120
31345
31185
33533
16071
60833
35148
32385
25871
34826
45309
55298
4321
54089
64616
15043
53393
16041
52754
27990
32211
9666
57919
22042
42503
25356
49940
48835
3953
54340
53651
64584
32488
50790
50057
40510
55596
10389
46661
29393
41955
7939
37233
33556
24343
45654
39541
62115
16507
58433
34913
44555
18630
2220
47034
39139
12422
27230
62971
1991
12278
42191
47988
5935
35880
51440
8322
14085
11814
2683
52840
43047
24073
60655
5440
52353
18322
27981
64807
61718
57044
38308
63993
35478
29990
1157
5108
58877
10311
57855
9642
48876
55921
18619
56876
31079
37224
33288
46654
23747
42918
26996
65115
56768
52373
38528
45581
1714
17190
25272
16781
25121
28555
50919
1347
32488
39225
15624
25985
32953
50349
7271
54402
1343
56279
11355
50880
35154
41988
48761
44896
700
36800
29946
20698
28315
39383
50215
9883
577
32562
14185
22579
41263
53209
60239
11026
24209
3583
34487
47652
36737
1337
11600
25581
15853
30170
30428
48496
22067
24864
55016
23429
27616
42267
8962
45618
26733
4710
65365
64486
25101
54597
1503
15833
31814
32388
63713
21762
22803
29211
24703
38097
54097
14616
39795
4094
35534
38160
54820
41198
3040
7289
6102
17438
59289
11345
54811
14521
915
41768
22719
39739
24656
57287
59044
6449
63544
4398
54490
54480
36661
59838
26205
18591
33
5037
6993
49158
63997
25632
58300
59032
10098
15402
21150
46667
24477
65125
48278
12873
64512
9310
22430
31063
33961
43945
20917
48535
5588
5791
10548
6326
47443
39827
48380
22728
13920
52761
53997
11314
58471
48108
41642
16311
60667
16758
6010
16821
14021
5153
26786
30393
19255
29100
45555
54909
52022
34568
55515
4811
6170
58890
9001
38082
24242
60066
63065
23969
7518
54725
42644
55330
64861
61625
38486
25521
40501
65174
6278
44134
63701
3721
8562
32601
49972
53027
19910
37775
48288
27867
47893
57771
52074
56156
39607
24883
7632
60739
61286
61074
7874
34799
3740
25219
37671
31835
62063
32587
62004
31102
13759
56230
23385
15425
27998
50026
2661
39760
2925
39982
63282
36254
53496
34288
19897
32903
8987
3536
34231
41216
9896
4373
17147
31281
63016
43437
32916
1375
25542
51421
19993
64429
45573
12757
3952
39928
21763
55706
30872
52796
55495
26062
43239
29945
21007
1249
55234
9157
33882
10820
79
23432
3037
44201
11956
53258
8935
17718
20368
17201
62007
47504
16069
52975
4386
57663
58528
23505
57193
56955
21742
50562
36229
976
31358
19561
62269
2324
1846
23274
7616
888
19890
63629
51358
33746
49474
7535
42459
54420
3250
16205
31624
27540
45960
10030
7877
46080
48296
21966
18208
40961
62671
56654
4199
20643
27530
47856
56865
17190
10738
62377
45411
5614
4218
17594
510
12818
54298
22090
54548
41650
19407
29539
18250
40288
31190
47418
40585
51413
53330
2361
26726
3576
15320
22126
17794
43987
8072
57786
377
